x
6.644554e+01
7.795687e+01
6.327152e+01
7.794300e+01
9.453827e+01
6.344477e+01
8.662330e+01
6.860657e+01
6.160291e+01
8.601830e+01
7.873135e+01
6.644554e+01
7.346747e+01
7.873135e+01
8.690355e+01
6.507946e+01
6.327152e+01
8.601830e+01
7.795687e+01
7.873135e+01
6.507946e+01
6.507946e+01
6.644554e+01
8.601830e+01
6.327152e+01
7.795687e+01
6.327152e+01
8.291278e+01
9.532452e+01
6.644554e+01
3.686521e+01
6.160291e+01
7.795687e+01
6.507946e+01
6.344477e+01
6.160291e+01
1.127609e+02
6.160291e+01
6.860657e+01
9.548429e+01
