Iter Part GoF Param1 Param2 Param3 Param4 Param5 
1  1   6.6445544E+01   1.0979855E-01   1.7711840E+00  -1.2798920E+00   2.4936786E-01  -5.1178133E+00  
1  2   9.5712734E+01  -4.0882269E+00  -2.6796105E+00   3.2782515E+00  -4.8051804E+00   8.7170006E-01  
1  3   1.0808329E+02   5.5715804E-01  -4.1489453E+00   3.1069920E+00  -3.3797057E+00  -4.2294387E+00  
1  4   7.7943003E+01  -5.3019795E-01  -3.4065194E+00   1.8246733E+00  -1.7897198E+00   2.2316707E-01  
1  5   9.9129926E+01  -2.7050820E+00  -2.8137259E+00  -3.1469338E+00   3.3845952E-01  -4.6885788E+00  
1  6   6.8606569E+01  -3.9156900E+00   1.0813846E+00  -3.2278818E+00  -1.4313933E+00   3.0258100E+00  
1  7   1.0447548E+02   2.5666637E+00   2.4935277E+00   1.1815046E+00  -5.0111783E+00  -3.8231114E+00  
1  8   9.1517533E+01  -2.2996887E+00  -1.5144182E-01   1.1630961E+00  -3.3017157E+00   4.6184774E+00  
1  9   7.3467465E+01  -8.0927205E-01   4.0160464E+00  -1.9985724E+00  -3.4793258E+00  -2.2380043E+00  
1  10   8.6018299E+01  -2.4918263E+00  -6.7778276E-01  -1.1501598E+00   2.8116830E+00  -2.4455096E+00  
1  11   7.8731349E+01   8.6405993E-02   1.2064352E+00  -2.6875276E+00  -5.2431278E-01  -4.8578986E+00  
1  12   7.8524790E+01  -1.5196200E+00  -2.0105089E+00   4.9470313E+00   6.1441121E-01  -1.8153726E+00  
1  13   8.9425732E+01   4.4196910E+00   1.1367311E+00  -2.3316504E+00   5.4421949E-03   2.4766759E+00  
1  14   8.6080513E+01  -2.6985346E+00   4.9881175E+00  -2.6864988E+00  -3.1522540E+00   8.3829009E-01  
1  15   1.2618912E+02  -3.0484951E+00  -2.3839078E+00   2.4775843E+00  -3.6943562E+00   4.4935258E+00  
1  16   9.3534651E+01   3.2459109E+00  -4.6260638E+00  -1.1503028E+00  -1.9108772E+00  -2.6189929E+00  
1  17   8.2912778E+01  -5.4083902E-01   2.4257387E+00  -3.1480460E-01  -8.9477447E-01  -2.6852933E+00  
1  18   1.0930552E+02   1.6156899E+00   2.5870307E+00  -2.5749381E+00  -1.6860615E+00   4.1558264E+00  
1  19   9.1747481E+01  -3.9574353E+00   4.8230811E+00   3.1450864E+00   3.3055607E+00   2.1507616E+00  
1  20   9.4538269E+01   1.6548130E+00  -3.9377281E+00  -2.7484768E+00  -3.8375517E-01   2.4212080E+00  
1  21   1.1207263E+02   3.5617168E+00  -4.6701811E+00  -3.0442200E+00   4.2981502E+00  -1.0801079E+00  
1  22   8.6623303E+01   8.3387026E-01  -4.1863259E+00   2.7607015E+00  -3.0019239E+00   3.4481910E+00  
1  23   1.0177073E+02   5.4759632E-01   6.7846912E-01  -3.6852718E+00  -6.1107750E-02   4.4348272E+00  
1  24   1.2821677E+02   4.2232709E-01   3.4183731E+00   3.4662138E+00  -4.7193440E+00  -2.9423925E-01  
1  25   8.6903554E+01  -1.1475091E+00   4.4980453E+00   4.8679215E+00  -1.9249129E+00  -1.2199937E+00  
1  26   7.7956869E+01   7.8208245E-01  -1.5598110E+00  -2.6331988E+00   6.5655926E-01  -7.9214431E-01  
1  27   6.3271517E+01  -1.0864860E+00   7.4327837E-01   3.8414389E+00   4.1150571E+00   7.4419173E-01  
1  28   8.9838077E+01   2.4532859E+00   4.7986887E+00  -7.0654940E-01  -1.0283451E+00  -4.1226252E+00  
1  29   9.5324520E+01  -3.9303189E+00   3.9181796E+00   4.9286009E+00  -8.5303412E-01  -3.5161651E+00  
1  30   6.7225130E+01   2.7264114E+00  -7.1129128E-01  -1.8195201E+00   2.4638433E+00  -5.0776794E-02  
1  31   3.6865211E+01  -1.2022089E+00   1.3633931E-01  -1.6091714E+00  -8.9125549E-01  -8.9327939E-02  
1  32   6.1602908E+01   4.1083484E+00  -2.0038040E+00   3.1509806E+00   3.8192466E+00   1.9787063E+00  
1  33   1.0819784E+02  -4.4961813E+00  -2.4383418E+00  -3.8705134E-02  -4.9131193E-01   1.5036953E+00  
1  34   6.5079455E+01   2.9192739E+00   1.2582901E+00   1.0826519E+00  -3.8127859E+00  -3.8266777E+00  
1  35   6.3444772E+01  -3.8955357E+00  -2.3177214E+00  -1.3065389E+00  -2.9097659E+00   1.0443013E+00  
1  36   7.0939589E+01  -3.9337405E+00   1.3529045E+00   1.2379620E+00   2.5765652E+00   4.9159925E-02  
1  37   1.1276090E+02   6.6862332E-01   4.8847263E+00   4.0872373E+00  -4.4700275E-01   4.7374930E+00  
1  38   9.5689291E+01  -2.4696896E+00  -3.1269870E+00   4.4661670E+00  -2.0273996E+00  -1.7511344E+00  
1  39   1.1133179E+02  -1.7799669E-01   3.5293012E+00  -4.1720595E+00  -4.8232589E+00  -1.4623791E+00  
1  40   9.5484292E+01   1.0573354E+00  -3.5369623E+00  -3.1150194E-01  -2.6308856E+00   2.6268038E+00  
