Iter Part GoF Param1 Param2 Param3 Param4 Param5 
1  1   6.6445544E+01   3.3256605E+00  -2.3872728E+00  -2.2625129E+00  -9.0741000E-01   7.9089693E+00  
1  2   9.5712734E+01   6.6556091E+00   3.7647373E+00  -4.2598736E+00   6.5567637E+00   3.2515419E+00  
1  3   1.0808329E+02   4.5283974E+00   8.9751885E+00  -1.8719004E+00   1.8647591E-01   5.8271278E+00  
1  4   7.7943003E+01   1.0568254E+00  -6.1028353E-01  -9.8174186E-01   4.0610153E+00  -4.2910841E-01  
1  5   9.9129926E+01   3.8903563E+00   3.0468799E+00   1.6549883E+00  -2.4044328E-01   6.0342067E+00  
1  6   6.8606569E+01   8.5725009E-01  -5.2449572E-01   1.0771592E+00   1.6332813E+00  -8.0553935E+00  
1  7   1.0447548E+02  -6.8780332E+00   2.0571579E-01  -2.2604396E-01   3.8854209E+00  -5.0793469E-01  
1  8   9.1517533E+01   2.6274056E+00   3.4924804E+00  -3.0795179E+00   3.9084212E+00  -5.8414613E+00  
1  9   7.3467465E+01  -1.3484528E+00  -2.0826616E+00  -3.3973241E-01   7.6424609E+00   4.6362019E+00  
1  10   8.6018299E+01   4.3556836E+00   4.2700558E+00   4.4646823E+00  -9.1387161E-01   1.9649109E+00  
1  11   7.8731349E+01   1.0010432E+00  -3.0090303E+00  -1.1834717E+00   2.8803843E+00   6.6059595E+00  
1  12   7.8524790E+01  -2.5160945E+00   3.3058591E+00  -4.9125428E+00  -3.9011024E+00  -2.3986552E+00  
1  13   8.9425732E+01  -7.8756116E+00  -6.3776934E-01   3.2685764E+00   2.3795867E+00   2.5213044E-01  
1  14   8.6080513E+01   2.9327397E+00  -3.1796216E+00   1.3889386E+00   7.4760329E+00  -5.3694464E+00  
1  15   1.2618912E+02   2.9690764E+00  -1.1850107E-01  -9.3639079E-01   2.9890975E+00  -7.1590381E+00  
1  16   9.3534651E+01  -6.2415188E+00  -4.9035163E-01   2.2981072E+00   3.1525516E+00   5.3849347E+00  
1  17   8.2912778E+01  -2.1669660E+00  -3.3092209E+00  -1.8627414E+00   2.2669780E+00   2.6836864E+00  
1  18   1.0930552E+02   1.2375501E+00  -7.5982226E+00   6.0685761E+00   6.2489566E+00   3.0526564E-02  
1  19   9.1747481E+01   5.6891090E+00  -1.4017480E+00  -1.0753994E+00  -4.0583621E-01  -5.3432269E+00  
1  20   9.4538269E+01   2.2328285E+00   1.8569398E+00   4.4969957E+00   2.9725355E+00  -2.4845342E+00  
1  21   1.1207263E+02  -6.8265449E+00   1.0804998E+00   1.2252633E+00  -1.3737715E+00  -3.0312153E+00  
1  22   8.6623303E+01  -4.7512669E+00   5.8192953E+00  -5.2341852E+00   3.7655805E-01   1.5795247E+00  
1  23   1.0177073E+02   8.2846864E-01   3.5016060E-01   8.5699820E+00  -3.3439877E+00  -4.7653258E-01  
1  24   1.2821677E+02   1.5038299E+00  -6.9104996E+00  -3.4054298E+00   9.5811871E+00   1.4216205E+00  
1  25   8.6903554E+01   2.6999516E+00  -2.9202310E+00  -3.1789002E+00   6.3336003E+00   4.3294843E+00  
1  26   7.7956869E+01   4.3216150E+00   5.6867136E+00  -2.0039348E+00  -3.3080630E+00   4.1425797E+00  
1  27   6.3271517E+01   3.6522877E-01   1.0226651E+00  -3.9112968E+00  -9.1237935E+00  -1.6844206E+00  
1  28   8.9838077E+01   3.7455827E-01  -8.5825171E+00   1.5902940E+00  -1.8192604E-01   3.9976565E+00  
1  29   9.5324520E+01   8.9284505E+00  -7.4514322E+00  -7.5028058E+00  -1.1724596E+00   4.5410502E+00  
1  30   6.7225130E+01  -2.8950143E+00  -2.4543728E+00   8.3697508E-01   6.6186377E-01   4.1442875E+00  
1  31   3.6865211E+01   4.5049216E+00   1.8084663E+00  -9.4544910E-01  -2.0609872E+00   4.5410416E+00  
1  32   6.1602908E+01   9.3932450E-01   1.4078126E+00  -1.4855735E+00  -4.2034285E+00  -4.5998470E+00  
1  33   1.0819784E+02   5.1086738E+00   7.2985648E-01  -4.7093214E-01   3.5191730E-01  -9.6307605E-01  
1  34   6.5079455E+01  -7.6555658E-01  -5.1218791E+00  -3.9935207E-01   7.2074226E+00   7.0630802E+00  
1  35   6.3444772E+01  -9.0858715E-01   7.0456418E+00   2.6056442E-02   6.1407112E+00  -4.5684512E+00  
1  36   7.0939589E+01   1.1215467E+00  -4.9963820E+00   3.2463703E+00   1.0733447E+00   4.7706097E+00  
1  37   1.1276090E+02   7.8335362E-01  -2.0076188E+00  -1.1960717E+00  -5.4973429E-01  -8.6122225E+00  
1  38   9.5689291E+01   1.6435085E+00   6.9948617E+00  -8.0567904E+00   1.4825456E+00   1.1091603E+00  
1  39   1.1133179E+02   5.2603636E+00   2.7961446E-01   6.9922115E+00   3.9526049E+00   6.2756499E+00  
1  40   9.5484292E+01  -5.4845417E+00   1.5944406E+00  -9.2327244E-01  -1.1493437E+00  -8.3479018E-01  
